1	-117.193772	33.55593
2	-117.18847	33.555194
3	-117.185083	33.555783
4	-117.180871	33.556074
5	-117.180871	33.556074
6	-117.180812	33.556078
7	-117.180871	33.556074
8	-117.181106	33.561085
9	-117.181695	33.569038
10	-117.180959	33.577285
11	-117.181106	33.582292
12	-117.229706	33.793924
13	-117.228086	33.791126
14	-117.222637	33.788475
15	-117.213506	33.782289
16	-117.20467	33.776251
17	-117.197454	33.771097
18	-117.190826	33.766679
19	-117.188912	33.762702
20	-117.189059	33.756222
21	-117.189648	33.741789
22	-117.189206	33.728093
23	-117.188935	33.71574
24	-117.188747	33.712252
25	-117.187144	33.709896
26	-117.182526	33.702638
27	-117.172629	33.688406
28	-117.170933	33.682656
29	-117.17065	33.67078
30	-117.171215	33.651646
31	-117.170933	33.629402
32	-117.171121	33.611776
33	-117.17131	33.604236
34	-117.172629	33.600749
35	-117.176682	33.595376
36	-117.177908	33.59368
37	-117.179887	33.590663
38	-117.180547	33.587082
39	-117.181018	33.583029
40	-117.181018	33.579447
41	-117.516282	33.821777
42	-117.511219	33.823618
43	-117.509148	33.824539
44	-117.502245	33.824999
45	-117.499253	33.826379
46	-117.49166	33.82822
47	-117.484296	33.82776
48	-117.479234	33.828681
49	-117.475782	33.830752
50	-117.473481	33.82707
51	-117.466117	33.82845
52	-117.460364	33.829601
53	-117.45231	33.82845
54	-117.445637	33.825689
55	-117.443566	33.825229
56	-117.438733	33.825689
57	-117.433671	33.826149
58	-117.4316	33.823158
59	-117.428148	33.818095
60	-117.426537	33.817635
61	-117.424006	33.819016
62	-117.421935	33.821317
63	-117.419864	33.823158
64	-117.414341	33.825689
65	-117.410429	33.82684
66	-117.406287	33.8273
67	-117.403066	33.82799
68	-117.39271	33.831902
69	-117.388108	33.833053
70	-117.378213	33.835584
71	-117.372	33.835124
72	-117.365557	33.833283
73	-117.361875	33.832362
74	-117.35244	33.835354
75	-117.326437	33.837195
76	-117.295142	33.837195
77	-117.260164	33.837195
78	-117.257863	33.838115
79	-117.254872	33.841567
80	-117.25119	33.843638
81	-117.251276	33.843379
82	-117.25082	33.843407
83	-117.25082	33.843407
84	-117.249883	33.841346
85	-117.246201	33.832068
86	-117.244876	33.828239
87	-117.242225	33.823084
88	-117.240457	33.817488
89	-117.236776	33.810566
90	-117.233094	33.805853
91	-117.232063	33.7979
92	-117.229559	33.793777
93	-117.25082	33.843407
94	-117.225877	33.844947
95	-117.225877	33.844947
96	-117.225748	33.791963
97	-117.225877	33.844947
98	-117.222152	33.845177
99	-117.195186	33.844817
100	-117.181523	33.833671
101	-117.171815	33.82648
102	-117.164264	33.828637
103	-117.152039	33.840862
104	-117.141972	33.841222
105	-117.134062	33.840862
106	-117.127949	33.838705
107	-117.124354	33.837986
108	-117.1035	33.839784
109	-117.072578	33.839424
110	-117.059274	33.839424
111	-117.042016	33.828997
112	-117.024757	33.823963
113	-117.009656	33.822525
114	-117.002824	33.823244
115	-117.004622	33.846615
116	-117.008218	33.854525
117	-117.010735	33.859919
118	-117.008937	33.866031
119	-117.005701	33.867469
120	-116.997431	33.869986
121	-116.990959	33.874301
122	-116.99024	33.88293
123	-116.989881	33.888683
124	-116.987723	33.896234
125	-116.987723	33.89947
126	-116.984847	33.903065
127	-116.982689	33.908099
128	-116.978015	33.913852
129	-116.976577	33.918526
130	-116.977284	33.926308
131	-117.547045	33.881672
132	-117.546786	33.881257
133	-117.544135	33.86977
134	-117.542662	33.865499
135	-117.53957	33.864026
136	-117.536771	33.85843
137	-117.534415	33.85195
138	-117.535004	33.844292
139	-117.534415	33.839432
140	-117.528524	33.830448
141	-117.523369	33.825146
142	-117.514828	33.818077
143	-117.510704	33.812922
144	-117.506138	33.803791
145	-117.498628	33.793188
146	-117.490969	33.782731
147	-117.484931	33.773011
148	-117.480955	33.769035
149	-117.477862	33.767562
150	-117.471677	33.762113
151	-117.468289	33.760493
152	-117.464313	33.758578
153	-117.459011	33.755338
154	-117.455182	33.751657
155	-117.452384	33.748564
156	-117.448849	33.746797
157	-117.441927	33.744293
158	-117.439866	33.742968
159	-117.431176	33.741053
160	-117.424255	33.736929
161	-117.419689	33.73472
162	-117.414534	33.733542
163	-117.410116	33.7331
164	-117.408202	33.733247
165	-117.405109	33.733542
166	-117.399365	33.731775
167	-117.393769	33.72986
168	-117.388025	33.72986
169	-117.380662	33.728093
170	-117.375065	33.727209
171	-117.371973	33.725737
172	-117.369616	33.724117
173	-117.365198	33.721171
174	-117.363725	33.719846
175	-117.360338	33.712335
176	-117.358129	33.707033
177	-117.354742	33.704087
178	-117.350618	33.701584
179	-117.345169	33.697607
180	-117.341192	33.695398
181	-117.335596	33.690538
182	-117.32514	33.678315
183	-117.319543	33.674191
184	-117.31056	33.670804
185	-117.301576	33.664913
186	-117.297747	33.660642
187	-117.289941	33.652247
188	-117.281694	33.638403
189	-117.270796	33.623823
190	-117.247379	33.599376
191	-117.239574	33.589951
192	-117.23221	33.585238
193	-117.216452	33.57272
194	-117.19981	33.559907
195	-117.19333	33.554752
196	-117.189795	33.553427
197	-117.182137	33.549009
198	-117.180517	33.547978
199	-117.180664	33.551659
200	-117.180871	33.556074
201	-117.547045	33.881672
202	-117.547117	33.881607
203	-117.559083	33.880226
204	-117.57266	33.880686
205	-117.583475	33.883218
206	-117.59245	33.882988
207	-117.604646	33.880686
208	-117.61247	33.881377
209	-117.619603	33.881837
210	-117.626507	33.883448
211	-117.63364	33.885749
212	-117.640084	33.883678
213	-117.646786	33.881745
214	-117.646786	33.881745
215	-117.65205	33.880226
216	-117.658953	33.879076
217	-117.662175	33.874934
218	-117.646786	33.881745
219	-117.646786	33.880773
220	-117.287702	33.917464
221	-117.282578	33.910123
222	-117.277718	33.905557
223	-117.274183	33.896279
224	-117.268439	33.884203
225	-117.264316	33.87301
226	-117.25651	33.855926
227	-117.25082	33.843407
228	-117.287702	33.917464
229	-117.286858	33.917505
230	-117.446468	33.920487
231	-117.486827	33.897715
232	-117.446468	33.920487
233	-117.442199	33.91565
234	-116.977284	33.926308
235	-116.977296	33.926436
236	-116.977284	33.926308
237	-116.971206	33.926682
238	-116.964703	33.927342
239	-116.956974	33.926965
240	-116.950659	33.926871
241	-116.940008	33.926305
242	-116.92832	33.926494
243	-116.923513	33.926305
244	-116.919272	33.926117
245	-116.91258	33.924043
246	-116.906265	33.924232
247	-116.899384	33.924514
248	-116.891938	33.924609
249	-116.884586	33.92376
250	-116.873935	33.924232
251	-116.870825	33.924137
252	-116.867526	33.92442
253	-116.987014	33.9317
254	-116.986476	33.931395
255	-116.987014	33.9317
256	-116.986193	33.931395
257	-116.982423	33.928567
258	-116.977333	33.926305
259	-116.977284	33.926308
260	-117.226107	33.939021
261	-117.225877	33.844947
262	-117.002818	33.945087
263	-117.002593	33.944873
264	-116.999577	33.940538
265	-116.995618	33.936579
266	-116.989963	33.933374
267	-116.987014	33.9317
268	-117.002818	33.945087
269	-117.002465	33.945133
270	-117.453231	33.945349
271	-117.401455	33.946499
272	-117.399337	33.946028
273	-117.400718	33.946301
274	-117.399384	33.946039
275	-117.38764	33.946516
276	-117.400718	33.946301
277	-117.446468	33.920487
278	-117.400718	33.946301
279	-117.401586	33.946473
280	-117.38764	33.946516
281	-117.387648	33.946499
282	-117.457373	33.905999
283	-117.470259	33.901397
284	-117.474631	33.899326
285	-117.480614	33.896564
286	-117.486137	33.897255
287	-117.489589	33.897945
288	-117.494191	33.898175
289	-117.499023	33.896104
290	-117.510989	33.889661
291	-117.518353	33.886209
292	-117.525487	33.884368
293	-117.536762	33.883678
294	-117.544816	33.883678
295	-117.547045	33.881672
296	-117.38764	33.946516
297	-117.37108	33.94719
298	-117.367628	33.945809
299	-117.361415	33.945349
300	-117.354281	33.944198
301	-117.298426	33.946611
302	-117.290041	33.9445
303	-117.2825	33.943294
304	-117.274296	33.941786
305	-117.266937	33.9407
306	-117.256139	33.940726
307	-117.246714	33.940538
308	-117.240493	33.940726
309	-117.23578	33.941292
310	-117.232198	33.940632
311	-117.223433	33.93903
312	-117.217589	33.939312
313	-117.181489	33.939124
314	-117.163204	33.939501
315	-117.145013	33.939407
316	-117.137661	33.939312
317	-117.133513	33.938747
318	-117.128047	33.937993
319	-117.125219	33.937993
320	-117.121732	33.936767
321	-117.116642	33.935731
322	-117.11438	33.936202
323	-117.110798	33.934882
324	-117.108159	33.935636
325	-117.105331	33.936862
326	-117.102786	33.936673
327	-117.099676	33.936862
328	-117.094963	33.939595
329	-117.091099	33.940538
330	-117.088083	33.942328
331	-117.081108	33.942988
332	-117.078469	33.943742
333	-117.075075	33.94346
334	-117.072531	33.943931
335	-117.070457	33.944873
336	-117.068006	33.94591
337	-117.065367	33.946664
338	-117.061503	33.946947
339	-117.058392	33.946664
340	-117.054622	33.944496
341	-117.050663	33.942328
342	-117.045197	33.940255
343	-117.041049	33.938935
344	-117.038693	33.936956
345	-117.037279	33.935919
346	-117.035206	33.935071
347	-117.030681	33.933374
348	-117.026534	33.932337
349	-117.020973	33.933186
350	-117.01692	33.93328
351	-117.008626	33.933751
352	-117.000614	33.933186
353	-116.994959	33.932809
354	-116.990246	33.932903
355	-116.987014	33.9317
356	-117.382934	33.953783
357	-117.383276	33.953173
358	-117.385807	33.950411
359	-117.38764	33.946516
360	-117.382934	33.953783
361	-117.360034	33.953633
362	-117.358653	33.949491
363	-117.356122	33.94834
364	-117.35129	33.938445
365	-117.349449	33.932232
366	-117.342085	33.92717
367	-117.334031	33.920496
368	-117.329199	33.915434
369	-117.287702	33.917464
370	-117.396185	33.953861
371	-117.396221	33.95386
372	-117.396185	33.953861
373	-117.396626	33.953133
374	-117.400559	33.946391
375	-117.400718	33.946301
376	-117.395012	33.953863
377	-117.382934	33.953783
378	-117.394988	33.953891
379	-117.396185	33.953861
380	-117.040861	33.971925
381	-117.035394	33.968437
382	-117.03087	33.965892
383	-117.023895	33.960237
384	-117.012584	33.953168
385	-117.006269	33.948361
386	-117.002818	33.945087
387	-117.155275	33.990437
388	-117.154916	33.974616
389	-117.157073	33.969942
390	-117.15959	33.964549
391	-117.157433	33.960234
392	-117.157073	33.95592
393	-117.157073	33.940099
394	-117.357764	33.993592
395	-117.358193	33.992982
396	-117.362796	33.98861
397	-117.366477	33.984008
398	-117.368779	33.980326
399	-117.372	33.976644
400	-117.376372	33.96813
401	-117.380054	33.958925
402	-117.382934	33.953783
403	-117.357764	33.993592
404	-117.356951	33.993185
405	-117.352532	33.992007
406	-117.342518	33.982876
407	-117.330589	33.972125
408	-117.328085	33.96859
409	-117.324992	33.964025
410	-117.322194	33.962699
411	-117.317334	33.960932
412	-117.312474	33.960637
413	-117.305994	33.956661
414	-117.303049	33.951654
415	-117.302312	33.948561
416	-117.297599	33.946057
417	-117.291709	33.94267
418	-117.288763	33.930741
419	-117.288321	33.92323
420	-117.288027	33.917928
421	-117.287702	33.917464
422	-117.366178	33.997738
423	-117.372468	33.987403
424	-117.38539	33.971673
425	-117.396185	33.953861
426	-117.366178	33.997738
427	-117.365787	33.997603
428	-117.357764	33.993592
429	-117.09775	34.018074
430	-117.09451	34.015718
431	-117.090533	34.015276
432	-117.086851	34.015423
433	-117.080077	34.013656
434	-117.071535	34.01233
435	-117.069179	34.010269
436	-117.066969	34.00747
437	-117.063877	34.001579
438	-117.057986	33.992007
439	-117.054304	33.986705
440	-117.049297	33.977279
441	-117.046793	33.975365
442	-117.044437	33.974628
443	-117.04046	33.971683
444	-117.525733	34.018161
445	-117.493975	34.001223
446	-117.483189	33.995111
447	-117.479593	33.982527
448	-117.474559	33.972819
449	-117.468447	33.968864
450	-117.46557	33.962751
451	-117.463413	33.958436
452	-117.455503	33.954481
453	-117.453705	33.946571
454	-117.452627	33.935785
455	-117.452986	33.927874
456	-117.446468	33.920487
457	-117.525733	34.018161
458	-117.5244	34.018221
459	-117.500248	34.019252
460	-117.487877	34.019694
461	-117.481397	34.0194
462	-117.467847	34.017485
463	-117.454298	34.015129
464	-117.441927	34.012625
465	-117.437067	34.012772
466	-117.428084	34.010269
467	-117.414093	34.005998
468	-117.411147	34.004672
469	-117.407024	34.004672
470	-117.397451	34.004819
471	-117.390087	34.005409
472	-117.384933	34.005409
473	-117.377716	34.001727
474	-117.366178	33.997738
475	-117.549893	34.021657
476	-117.550173	33.993627
477	-117.54929	33.986999
478	-117.54929	33.977574
479	-117.548553	33.964319
480	-117.548848	33.958134
481	-117.549879	33.953568
482	-117.555328	33.946941
483	-117.556064	33.941492
484	-117.556506	33.932361
485	-117.556801	33.921905
486	-117.557537	33.914246
487	-117.559893	33.907619
488	-117.559893	33.900992
489	-117.559304	33.896132
490	-117.552382	33.889652
491	-117.548259	33.883614
492	-117.547045	33.881672
493	-117.549893	34.021657
494	-117.546491	34.020872
495	-117.539275	34.018663
496	-117.53088	34.017927
497	-117.525733	34.018161
498	-117.749624	34.023135
499	-117.749259	34.022797
500	-117.749624	34.023135
501	-117.748899	34.022797
502	-117.741708	34.017044
503	-117.734157	34.013089
504	-117.728045	34.004459
505	-117.721213	33.996549
506	-117.718696	33.991875
507	-117.713303	33.985403
508	-117.70791	33.980369
509	-117.702876	33.978212
510	-117.696764	33.974976
511	-117.689573	33.967425
512	-117.685617	33.962751
513	-117.679865	33.956639
514	-117.676269	33.950526
515	-117.672314	33.942976
516	-117.66764	33.937582
517	-117.661887	33.934706
518	-117.655775	33.9232
519	-117.649303	33.910975
520	-117.646786	33.901267
521	-117.645707	33.895514
522	-117.646786	33.886885
523	-117.646786	33.881745
524	-117.749876	34.023229
525	-117.749832	34.023232
526	-117.749832	34.023232
527	-117.749624	34.023135
528	-117.749832	34.023232
529	-117.749737	34.023239
530	-117.749737	34.023239
531	-117.749624	34.023135
532	-117.749737	34.023239
533	-117.745899	34.023523
534	-117.741923	34.024849
535	-117.731908	34.024996
536	-117.724987	34.025732
537	-117.719096	34.027352
538	-117.711437	34.029709
539	-117.703779	34.030592
540	-117.680216	34.030445
541	-117.660186	34.030298
542	-117.6511	34.030359
543	-117.771551	34.023516
544	-117.765438	34.023516
545	-117.760405	34.025313
546	-117.754292	34.025313
547	-117.749832	34.023232
548	-117.550214	34.029065
549	-117.549879	34.023081
550	-117.549893	34.021657
551	-117.550214	34.029065
552	-117.526335	34.018482
553	-117.525733	34.018161
554	-117.6511	34.030359
555	-117.6511	33.974616
556	-117.652539	33.960594
557	-117.650022	33.953762
558	-117.658291	33.929313
559	-117.6511	34.030359
560	-117.63839	34.030445
561	-117.599657	34.030887
562	-117.58979	34.030592
563	-117.583162	34.030592
564	-117.577566	34.029561
565	-117.569319	34.026763
566	-117.55415	34.02264
567	-117.549893	34.021657
568	-117.78018	34.053359
569	-117.767596	34.055516
570	-117.733079	34.054797
571	-117.697842	34.056954
572	-117.662606	34.056954
573	-117.654696	34.053359
574	-117.6511	34.053504
575	-117.6511	34.053504
576	-117.6511	34.030359
577	-117.6511	34.053504
578	-117.628089	34.054437
579	-117.557976	34.032505
580	-117.550214	34.029065
581	-117.783057	34.054078
582	-117.749737	34.023239
583	-117.226827	34.064145
584	-117.227546	34.046887
585	-117.219276	34.047965
586	-117.217119	34.043291
587	-117.211725	34.043291
588	-117.20813	34.035021
589	-117.208489	34.031785
590	-117.206692	34.028909
591	-117.189433	34.01992
592	-117.180085	34.010212
593	-117.177568	34.008774
594	-117.173613	34.008055
595	-117.166062	34.002302
596	-117.160669	33.997268
597	-117.153478	33.991156
598	-117.149882	33.990077
599	-117.138736	33.986122
600	-117.129747	33.982886
601	-117.116444	33.978212
602	-117.104219	33.975335
603	-117.090915	33.973178
604	-117.076533	33.969583
605	-117.072937	33.965268
606	-117.055319	33.950167
607	-117.043095	33.944054
608	-117.027993	33.942976
609	-117.010735	33.944054
610	-117.002818	33.945087
611	-117.29647	34.064245
612	-117.297659	34.059831
613	-117.298737	34.054437
614	-117.303052	34.047965
615	-117.31312	34.04437
616	-117.32067	34.037538
617	-117.335412	34.025313
618	-117.357764	33.993592
619	-117.29647	34.064245
620	-117.294949	34.064171
621	-117.287438	34.063434
622	-117.278012	34.064465
623	-117.272563	34.063729
624	-117.268145	34.063876
625	-117.262401	34.064612
626	-117.253565	34.066085
627	-117.250914	34.066822
628	-117.208057	34.066822
629	-117.203345	34.066822
630	-117.201375	34.066123
631	-117.201375	34.066123
632	-117.20143	34.065791
633	-117.201375	34.066123
634	-117.198779	34.065202
635	-117.194508	34.062845
636	-117.189206	34.061667
637	-117.183168	34.061962
638	-117.178603	34.061962
639	-117.171386	34.059016
640	-117.164906	34.055629
641	-117.162108	34.052978
642	-117.159015	34.049001
643	-117.157101	34.045172
644	-117.154303	34.040312
645	-117.150768	34.037956
646	-117.145319	34.035305
647	-117.136335	34.03236
648	-117.126173	34.028089
649	-117.121313	34.027205
650	-117.114981	34.025585
651	-117.107322	34.023229
652	-117.103641	34.021609
653	-117.097602	34.01778
654	-117.545046	34.06731
655	-117.545166	34.059605
656	-117.550026	34.049001
657	-117.55091	34.041491
658	-117.550214	34.029065
659	-117.545046	34.06731
660	-117.535605	34.06731
661	-117.524999	34.06762
662	-117.520354	34.06762
663	-117.516916	34.06762
664	-117.511668	34.066835
665	-117.505575	34.065448
666	-117.499241	34.065629
667	-117.492787	34.06587
668	-117.487901	34.065991
669	-117.478792	34.066172
670	-117.467391	34.066654
671	-117.459307	34.066715
672	-117.454783	34.066896
673	-117.452551	34.066956
674	-117.445312	34.066835
675	-117.438134	34.067197
676	-117.435661	34.067559
677	-117.429966	34.067311
678	-117.420701	34.067349
679	-117.41267	34.067542
680	-117.407072	34.067813
681	-117.400316	34.06816
682	-117.395838	34.068585
683	-117.390394	34.068276
684	-117.372414	34.068589
685	-117.370816	34.068589
686	-117.370816	34.068589
687	-117.370783	34.06437
688	-117.370783	34.047516
689	-117.364041	34.029538
690	-117.36348	34.013246
691	-117.364603	34.000324
692	-117.366178	33.997738
693	-117.370816	34.068589
694	-117.369911	34.068589
695	-117.35754	34.068736
696	-117.351354	34.068883
697	-117.339572	34.068442
698	-117.330441	34.066527
699	-117.327496	34.066085
700	-117.320721	34.065496
701	-117.31542	34.064907
702	-117.308498	34.065496
703	-117.300987	34.064465
704	-117.29647	34.064245
705	-117.707167	34.081991
706	-117.702159	34.081991
707	-117.698772	34.082285
708	-117.697005	34.082433
709	-117.690967	34.085083
710	-117.687432	34.086114
711	-117.684781	34.087293
712	-117.679479	34.087293
713	-117.664457	34.087293
714	-117.653854	34.087293
715	-117.6511	34.087347
716	-117.6511	34.087347
717	-117.6511	34.053504
718	-117.6511	34.087347
719	-117.646343	34.08744
720	-117.643545	34.087293
721	-117.638979	34.086703
722	-117.632941	34.083316
723	-117.622779	34.077425
724	-117.61525	34.072966
725	-117.609972	34.070044
726	-117.605825	34.068724
727	-117.599793	34.067876
728	-117.588482	34.067405
729	-117.574815	34.067499
730	-117.559828	34.067499
731	-117.547575	34.06731
732	-117.545046	34.06731
733	-117.371112	34.106132
734	-117.370816	34.068589
735	-117.371112	34.106132
736	-117.331097	34.106213
737	-117.327142	34.108011
738	-117.302692	34.10873
739	-117.532649	34.106272
740	-117.537508	34.102167
741	-117.542515	34.095834
742	-117.544577	34.088471
743	-117.544577	34.079634
744	-117.545019	34.069031
745	-117.545046	34.06731
746	-117.532649	34.106272
747	-117.508717	34.105854
748	-117.371112	34.106132
749	-117.6511	34.106705
750	-117.6511	34.087347
751	-117.6511	34.106705
752	-117.629527	34.106573
753	-117.621617	34.103337
754	-117.611549	34.107651
755	-117.532649	34.106272
756	-117.746742	34.107292
757	-117.6511	34.106705
758	-117.711437	34.119987
759	-117.701717	34.120134
760	-117.698772	34.120724
761	-117.695974	34.122049
762	-117.688463	34.127204
763	-117.681836	34.131916
764	-117.679332	34.133242
765	-117.674619	34.134567
766	-117.669023	34.134567
767	-117.653265	34.134715
768	-117.617624	34.135156
769	-117.598479	34.135009
770	-117.592441	34.135304
771	-117.586697	34.135745
772	-117.577566	34.135893
773	-117.573001	34.136776
774	-117.561219	34.136482
775	-117.550468	34.136629
776	-117.539275	34.136482
777	-117.52764	34.136629
778	-117.512471	34.136187
779	-117.502751	34.136335
780	-117.496713	34.136187
781	-117.492884	34.138396
782	-117.482869	34.147233
783	-117.475659	34.1528
784	-117.466328	34.160906
785	-117.46039	34.165901
786	-117.457468	34.168352
787	-117.453792	34.170802
788	-117.451341	34.172405
789	-117.444083	34.176363
790	-117.441162	34.178249
791	-117.439465	34.179474
792	-117.435223	34.182679
793	-117.433244	34.185223
794	-117.426552	34.189465
795	-117.422216	34.192952
796	-117.419766	34.19512
797	-117.416938	34.200493
798	-117.414676	34.204357
799	-117.413074	34.209447
800	-117.411377	34.215668
801	-117.410152	34.220569
802	-117.410623	34.225093
803	-117.671595	34.133539
804	-117.670876	34.10837
805	-117.6511	34.133899
806	-117.6511	34.106705
807	-117.496722	34.135653
808	-117.496681	34.135655
809	-117.496681	34.135655
810	-117.512177	34.123522
811	-117.522486	34.114244
812	-117.528966	34.109384
813	-117.532649	34.106272
814	-117.496681	34.135655
815	-117.473481	34.136574
816	-117.427228	34.137034
817	-117.388338	34.136574
818	-117.367628	34.136804
819	-117.354281	34.135423
820	-117.335412	34.134503
821	-117.329889	34.134963
822	-117.320224	34.143247
823	-117.31832	34.145151
824	-117.371345	34.135719
825	-117.371112	34.106132
826	-117.496566	34.135745
827	-117.496681	34.135655
828	-117.31832	34.145151
829	-117.316356	34.14073
830	-117.3124	34.134618
831	-117.302333	34.128146
832	-117.303052	34.120955
833	-117.302333	34.103696
834	-117.302692	34.088595
835	-117.300176	34.082842
836	-117.294782	34.074572
837	-117.295142	34.069179
838	-117.29647	34.064245
839	-117.31832	34.145151
840	-117.317003	34.146469
841	-117.295372	34.146239
842	-117.279264	34.145548
843	-117.267703	34.145171
844	-117.25489	34.143109
845	-117.242225	34.139133
846	-117.228676	34.132653
847	-117.221017	34.131622
848	-117.211003	34.132064
849	-117.205848	34.130444
850	-117.202461	34.126762
851	-117.200399	34.120576
852	-117.200399	34.115716
853	-117.199074	34.111593
854	-117.198779	34.10688
855	-117.198926	34.1004
856	-117.19981	34.094951
857	-117.200252	34.087293
858	-117.200988	34.072271
859	-117.201135	34.067558
860	-117.201375	34.066123
861	-117.450469	34.269091
862	-117.45011	34.259743
863	-117.448671	34.255068
864	-117.440042	34.248956
865	-117.431053	34.241765
866	-117.416312	34.2299
867	-117.407682	34.224866
868	-117.397255	34.220192
869	-117.376761	34.203293
870	-117.362378	34.192506
871	-117.354468	34.186753
872	-117.337929	34.171652
873	-117.326423	34.155832
874	-117.319232	34.147202
875	-117.31832	34.145151
876	-117.441338	34.353415
877	-117.449438	34.347672
878	-117.454151	34.345315
879	-117.460189	34.34399
880	-117.466669	34.346346
881	-117.472707	34.347966
882	-117.478451	34.347083
883	-117.48228	34.344137
884	-117.483164	34.339277
885	-117.482427	34.336037
886	-117.436036	34.35857
887	-117.437951	34.354446
888	-117.440749	34.347966
889	-117.315277	34.531206
890	-117.319592	34.523655
891	-117.321749	34.510352
892	-117.32858	34.494891
893	-117.35267	34.462891
894	-117.386469	34.417946
895	-117.413795	34.385587
896	-117.435727	34.359699
897	-117.440042	34.355384
898	-117.441121	34.347114
899	-117.447952	34.343878
900	-117.460177	34.341361
901	-117.477795	34.340283
902	-117.483548	34.334889
903	-117.481031	34.316552
904	-117.474559	34.309721
905	-117.461615	34.302889
906	-117.454424	34.292103
907	-117.451548	34.284552
908	-117.451548	34.277361
909	-117.45011	34.269451
910	-117.45011	34.267653
